000000024  
000000022  
000000025  
000000024  
000000022  
000000025  
000000024  
000000022  
000000025  
000000025  
000000023  
000000026  
000000024  
000000022  
000000025  
000000024  
000000022  
000000025  
000000024  
000000022  
000000025  
000000024  
000000022  
000000025  
000000024  
000000022  
000000025  
000000024  
000000022  
000000025  
000000024  
000000022  
000000025  
000000024  
000000022  
000000025  
000000024  
000000022  
000000025  
000000024  
000000022  
000000025  
000000025  
000000022  
000000025  
000000027  
000000021  
000000025  
000000026  
000000021  
000000025  
000000023  
000000021  
000000024  
000000023  
000000021  
000000024  
000000025  
000000023  
000000026  
000000024  
000000022  
000000025  
000000024  
000000022  
000000025  
000000024  
000000022  
000000025  
000000023  
000000021  
000000024  
000000024  
000000022  
000000025  
000000024  
000000022  
000000025  
000000024  
000000022  
000000025  
000000024  
000000022  
000000025  
000000024  
000000022  
000000025  
000000023  
000000021  
000000024  
000000024  
000000022  
000000025  
000000025  
000000023  
000000026  
000000024  
000000022  
000000025  
000000024  
000000022  
000000025  
000000024  
000000022  
000000025  
000000023  
000000022  
000000025  
000000021  
000000022  
000000024  
000000022  
000000023  
000000025  
000000023  
000000024  
000000025  
000000025  
000000023  
000000026  
000000025  
000000022  
000000026  
000000023  
000000022  
000000025  
000000023  
000000023  
000000025  
000000023  
000000022  
000000025  
000000023  
000000021  
000000024  
000000024  
000000022  
000000025  
000000026  
000000021  
000000025  
000000027  
000000022  
000000026  
000000026  
000000021  
000000025  
000000026  
000000021  
000000025  
000000027  
000000022  
000000026  
000000027  
000000022  
000000027  
000000026  
000000023  
000000029  
000000025  
000000023  
000000027  
000000025  
000000023  
000000026  
000000024  
000000023  
000000025  
000000023  
000000023  
000000025  
000000025  
000000023  
000000026  
000000025  
000000023  
000000026  
000000025  
000000023  
000000026  
000000027  
000000023  
000000024  
000000028  
000000024  
000000025  
000000026  
000000022  
000000023  
000000026  
000000022  
000000023  
000000025  
000000023  
000000025  
000000024  
000000022  
000000026  
000000024  
000000022  
000000025  
000000025  
000000023  
000000026  
000000025  
000000023  
000000026  
000000026  
000000024  
000000027  
000000026  
000000024  
000000027  
000000025  
000000023  
000000026  
000000025  
000000023  
000000026  
000000025  
000000023  
000000026  
000000025  
000000023  
000000026  
000000025  
000000023  
000000026  
000000025  
000000023  
000000026  
000000025  
000000023  
000000026  
000000025  
000000023  
000000026  
000000026  
000000024  
000000027  
000000026  
000000024  
000000027  
000000026  
000000024  
000000027  
000000026  
000000024  
000000027  
000000025  
000000023  
000000026  
000000025  
000000023  
000000026  
000000026  
000000024  
000000027  
000000026  
000000024  
000000027  
000000025  
000000023  
000000026  
000000026  
000000024  
000000027  
000000026  
000000024  
000000027  
000000026  
000000024  
000000025  
000000026  
000000024  
000000025  
000000026  
000000024  
000000025  
000000026  
000000024  
000000025  
000000027  
000000024  
000000025  
000000028  
000000024  
000000025  
000000029  
000000025  
000000026  
000000029  
000000025  
000000027  
000000028  
000000023  
000000027  
000000028  
000000023  
000000027  
000000029  
000000024  
000000028  
000000027  
000000025  
000000028  
000000027  
000000025  
000000028  
000000026  
000000025  
000000028  
000000026  
000000026  
000000028  
000000025  
000000025  
000000027  
000000026  
000000026  
000000028  
000000027  
000000026  
000000029  
000000027  
000000025  
000000028  
000000027  
000000025  
000000028  
000000027  
000000025  
000000028  
000000027  
000000025  
000000027  
000000027  
000000025  
000000026  
000000026  
000000024  
000000025  
000000026  
000000025  
000000026  
000000027  
000000025  
000000026  
000000029  
000000025  
000000026  
00000002a  
000000026  
000000027  
00000002a  
000000026  
000000027  
00000002a  
000000025  
000000026  
000000027  
000000025  
000000026  
000000027  
000000026  
000000027  
000000028  
000000026  
000000027  
000000028  
000000026  
000000027  
000000027  
000000025  
000000028  
000000028  
000000026  
000000029  
000000027  
000000025  
000000028  
000000028  
000000026  
000000029  
000000027  
000000025  
000000028  
000000027  
000000025  
000000028  
000000028  
000000026  
000000029  
000000027  
000000025  
000000028  
000000027  
000000025  
000000028  
000000027  
000000025  
000000028  
000000027  
000000025  
000000028  
000000027  
000000025  
000000028  
000000028  
000000025  
000000028  
000000026  
000000025  
000000028  
000000026  
000000026  
000000028  
000000025  
000000025  
000000027  
000000027  
000000025  
000000028  
000000028  
000000026  
000000029  
000000028  
000000026  
000000029  
000000028  
000000026  
000000029  
000000029  
000000027  
00000002a  
000000029  
000000027  
00000002a  
000000027  
000000027  
000000029  
000000028  
000000027  
00000002a  
000000028  
000000026  
000000029  
000000029  
000000027  
00000002a  
000000029  
000000026  
000000029  
000000029  
000000025  
000000028  
000000027  
000000025  
000000028  
000000028  
000000026  
000000029  
000000028  
000000026  
000000029  
000000029  
000000027  
00000002a  
000000028  
000000026  
000000029  
000000028  
000000026  
000000029  
000000029  
000000027  
00000002a  
000000029  
000000027  
00000002a  
000000029  
000000027  
00000002a  
000000029  
000000027  
00000002a  
000000029  
000000027  
00000002a  
000000029  
000000028  
00000002a  
000000028  
000000028  
00000002a  
000000028  
000000028  
00000002a  
000000029  
000000027  
00000002a  
000000029  
000000027  
00000002a  
000000028  
000000026  
000000029  
000000029  
000000027  
00000002a  
000000029  
000000027  
00000002a  
000000029  
000000027  
00000002a  
000000029  
000000027  
00000002a  
000000029  
000000027  
00000002a  
000000028  
000000026  
000000029  
000000029  
000000027  
00000002a  
00000002a  
000000028  
00000002b  
000000029  
000000027  
00000002a  
000000029  
000000027  
00000002a  
00000002a  
000000028  
00000002c  
00000002a  
000000028  
00000002a  
00000002b  
000000027  
000000028  
00000002c  
000000028  
000000029  
00000002a  
000000028  
000000029  
00000002a  
000000028  
000000029  
000000029  
000000027  
000000028  
000000029  
000000027  
000000028  
00000002a  
000000028  
000000029  
00000002a  
000000028  
000000028  
000000029  
000000027  
000000029  
000000029  
000000027  
00000002a  
000000029  
000000027  
00000002a  
000000029  
000000027  
00000002a  
000000029  
000000027  
00000002a  
000000029  
000000027  
00000002a  
000000029  
000000027  
00000002a  
000000028  
000000026  
000000029  
000000028  
000000026  
000000029  
000000029  
000000027  
00000002a  
000000029  
000000027  
00000002a  
000000029  
000000027  
00000002a  
000000029  
000000027  
00000002a  
00000002a  
000000028  
00000002b  
00000002a  
000000028  
00000002b  
00000002a  
000000028  
00000002b  
00000002a  
000000028  
00000002b  
00000002a  
000000028  
00000002b  
00000002a  
000000028  
00000002b  
000000029  
000000027  
00000002a  
000000029  
000000027  
00000002a  
00000002a  
000000028  
00000002b  
000000029  
000000027  
00000002a  
000000028  
000000026  
000000029  
000000028  
000000026  
000000029  
000000028  
000000026  
000000029  
000000028  
000000026  
000000028  
000000028  
000000027  
000000027  
00000002a  
000000027  
000000028  
00000002d  
000000027  
000000029  
00000002c  
000000026  
000000028  
00000002b  
000000027  
000000028  
00000002b  
000000027  
000000028  
000000028  
000000027  
000000028  
000000027  
000000027  
000000027  
00000002a  
000000028  
000000029  
000000029  
000000027  
000000028  
000000029  
000000027  
000000028  
000000029  
000000027  
000000028  
000000029  
000000027  
000000028  
000000028  
000000026  
000000027  
00000002a  
000000026  
000000027  
00000002b  
000000027  
000000028  
00000002b  
000000027  
000000028  
00000002b  
000000027  
000000028  
00000002b  
000000027  
000000028  
00000002b  
000000026  
00000002a  
00000002a  
000000025  
000000029  
00000002b  
000000026  
00000002a  
00000002b  
000000026  
00000002a  
000000029  
000000027  
000000028  
000000029  
000000027  
000000028  
000000028  
000000028  
00000002a  
000000028  
000000027  
00000002b  
00000002a  
000000027  
000000029  
00000002c  
000000027  
000000028  
00000002a  
000000027  
000000028  
000000028  
000000027  
000000028  
000000029  
000000027  
000000028  
00000002c  
000000027  
000000028  
00000002c  
000000027  
000000029  
000000029  
000000027  
00000002b  
000000028  
000000026  
000000029  
000000028  
000000026  
000000029  
000000028  
000000026  
000000029  
000000029  
000000027  
00000002a  
000000028  
000000026  
000000029  
000000029  
000000027  
000000029  
000000028  
000000026  
000000027  
000000027  
000000025  
000000027  
000000027  
000000025  
000000029  
000000028  
000000026  
000000029  
00000002a  
000000027  
000000028  
00000002a  
000000025  
000000026  
00000002a  
000000026  
000000027  
00000002b  
000000027  
000000028  
00000002b  
000000027  
000000028  
00000002a  
000000026  
000000027  
000000027  
000000027  
000000029  
000000027  
000000027  
000000029  
000000028  
000000026  
000000029  
000000027  
000000025  
000000028  
000000027  
000000025  
000000028  
000000028  
000000026  
000000029  
000000027  
000000025  
000000028  
000000028  
000000025  
000000029  
000000027  
000000026  
000000028  
000000026  
000000026  
000000028  
000000027  
000000025  
000000028  
000000028  
000000026  
000000029  
00000002b  
000000026  
00000002a  
00000002a  
000000025  
000000029  
000000028  
000000026  
000000029  
000000027  
000000025  
000000028  
000000026  
000000026  
000000028  
000000028  
000000025  
000000028  
00000002b  
000000025  
000000029  
00000002a  
000000025  
000000029  
00000002b  
000000026  
00000002a  
00000002a  
000000025  
000000029  
000000029  
000000024  
000000028  
000000029  
000000024  
000000028  
000000029  
000000025  
000000026  
000000029  
000000025  
000000026  
00000002a  
000000025  
000000028  
000000029  
000000024  
000000028  
000000028  
000000025  
000000027  
000000028  
000000026  
000000027  
000000028  
000000026  
000000027  
000000027  
000000025  
000000026  
000000027  
000000025  
000000026  
000000028  
000000025  
000000026  
00000002a  
000000026  
000000027  
000000027  
000000026  
000000027  
000000027  
000000025  
000000026  
000000027  
000000025  
000000026  
000000027  
000000025  
000000028  
000000027  
000000025  
000000028  
000000027  
000000025  
000000028  
000000026  
000000024  
000000027  
000000026  
000000024  
000000027  
000000027  
000000025  
000000028  
000000027  
000000025  
000000028  
000000026  
000000024  
000000027  
000000027  
000000025  
000000028  
000000026  
000000024  
000000027  
000000026  
000000024  
000000027  
000000027  
000000025  
000000028  
000000027  
000000025  
000000028  
000000026  
000000024  
000000027  
000000026  
000000024  
000000027  
000000027  
000000025  
000000028  
000000029  
000000024  
000000028  
000000028  
000000023  
000000027  
000000028  
000000024  
000000025  
000000029  
000000025  
000000025  
000000028  
000000025  
000000026  
000000026  
000000024  
000000025  
000000026  
000000025  
000000026  
000000026  
000000026  
000000028  
000000027  
000000025  
000000028  
000000028  
000000025  
000000028  
000000029  
000000024  
000000028  
000000029  
000000024  
000000028  
000000029  
000000024  
000000028  
000000027  
000000024  
000000028  
000000026  
000000024  
000000027  
000000025  
000000025  
000000027  
000000027  
000000026  
000000028  
000000027  
000000025  
000000028  
000000027  
000000023  
000000027  
000000029  
000000023  
000000027  
000000029  
000000024  
000000028  
000000028  
000000024  
000000027  
000000026  
000000024  
000000027  
000000027  
000000025  
000000028  
000000027  
000000025  
000000028  
000000027  
000000025  
000000028  
000000027  
000000025  
000000028  
000000027  
000000025  
000000028  
000000027  
000000025  
000000028  
000000026  
000000024  
000000027  
000000028  
000000025  
000000026  
000000029  
000000024  
000000025  
000000028  
000000025  
000000026  
000000027  
000000026  
000000027  
000000026  
000000024  
000000025  
000000027  
000000025  
000000026  
000000026  
000000024  
000000026  
000000026  
000000024  
000000027  
000000026  
000000024  
000000027  
000000027  
000000025  
000000028  
000000027  
000000025  
000000028  
000000028  
000000026  
000000027  
000000027  
000000025  
000000026  
000000027  
000000025  
000000026  
000000027  
000000025  
000000026  
000000028  
000000026  
000000028  
000000028  
000000026  
000000029  
000000027  
000000025  
000000028  
000000027  
000000025  
000000028  
000000026  
000000024  
000000027  
000000027  
000000025  
000000028  
000000028  
000000026  
000000029  
000000028  
000000026  
000000029  
000000027  
000000025  
000000028  
000000026  
000000024  
000000027  
000000027  
000000025  
000000028  
000000027  
000000025  
000000028  
000000027  
000000025  
000000028  
000000028  
000000025  
000000027  
00000002a  
000000025  
000000026  
000000028  
000000025  
000000026  
000000027  
000000026  
000000027  
000000028  
000000026  
000000027  
000000027  
000000025  
000000026  
000000027  
000000025  
000000026  
000000027  
000000025  
000000028  
000000027  
000000025  
000000028  
000000027  
000000025  
000000028  
000000027  
000000025  
000000028  
000000027  
000000025  
000000028  
000000027  
000000025  
000000027  
000000027  
000000025  
000000026  
000000027  
000000025  
000000027  
000000027  
000000025  
000000028  
000000027  
000000025  
000000028  
000000027  
000000025  
000000029  
000000027  
000000025  
00000002b  
000000027  
000000025  
00000002a  
000000027  
000000025  
000000028  
000000027  
000000025  
000000028  
000000028  
000000026  
000000029  
000000028  
000000026  
000000029  
000000026  
000000026  
000000028  
000000027  
000000027  
000000029  
000000027  
000000025  
000000028  
000000027  
000000025  
000000028  
000000027  
000000026  
000000029  
000000027  
000000027  
000000029  
000000029  
000000026  
000000028  
00000002b  
000000025  
000000027  
00000002b  
000000025  
000000027  
000000029  
000000026  
000000027  
000000027  
000000027  
000000027  
00000002a  
000000026  
000000027  
00000002a  
000000026  
000000027  
000000028  
000000026  
000000029  
000000028  
000000026  
000000029  
000000028  
000000026  
000000029  
000000028  
000000026  
000000029  
000000028  
000000026  
000000029  
000000028  
000000026  
000000029  
000000029  
000000027  
00000002a  
000000029  
000000026  
00000002a  
000000027  
000000026  
000000028  
000000028  
000000028  
00000002a  
000000027  
000000028  
000000029  
000000027  
000000027  
000000029  
000000028  
000000027  
000000029  
000000028  
000000026  
000000029  
000000029  
000000025  
000000029  
000000028  
000000025  
000000027  
000000029  
000000027  
000000028  
000000029  
000000027  
000000028  
000000027  
000000027  
000000027  
000000028  
000000028  
000000028  
000000029  
000000027  
000000028  
000000028  
000000027  
000000028  
000000029  
000000026  
00000002a  
00000002b  
000000026  
000000029  
00000002b  
000000027  
000000028  
00000002b  
000000028  
000000028  
000000029  
000000027  
000000028  
000000028  
000000027  
000000028  
000000029  
000000027  
000000028  
000000029  
000000027  
000000028  
000000028  
000000026  
000000027  
000000028  
000000026  
000000027  
00000002a  
000000027  
000000028  
00000002b  
000000027  
000000028  
000000029  
000000026  
000000027  
000000029  
000000027  
000000028  
00000002a  
000000028  
00000002a  
000000029  
000000027  
00000002a  
000000029  
000000027  
00000002a  
000000029  
000000027  
00000002a  
00000002a  
000000028  
00000002b  
00000002a  
000000028  
00000002b  
00000002a  
000000028  
00000002b  
00000002a  
000000028  
00000002b  
000000029  
000000027  
00000002a  
00000002a  
000000026  
00000002a  
00000002b  
000000026  
00000002a  
00000002b  
000000026  
00000002a  
00000002a  
000000025  
000000029  
00000002a  
000000025  
000000028  
00000002a  
000000027  
000000027  
00000002d  
000000025  
000000026  
00000002f  
000000023  
00000001f  
000000031  
000000022  
000000018  
000000038  
000000025  
000000019  
00000003e  
00000002a  
00000001d  
000000038  
000000025  
000000017  
000000032  
00000001f  
000000011  
00000002f  
00000001c  
00000000e  
00000002c  
000000019  
00000000b  
00000002e  
00000001b  
00000000b  
000000030  
00000001c  
000000009  
000000031  
00000001c  
000000006  
000000039  
000000022  
00000000a  
000000044  
000000029  
000000010  
000000048  
00000002c  
000000010  
000000046  
000000029  
00000000d  
00000003d  
000000023  
00000000c  
000000047  
000000028  
00000000e  
000000064  
00000003b  
00000001b  
000000074  
000000047  
000000022  
000000074  
000000047  
000000022  
000000076  
00000004b  
000000026  
00000006f  
000000046  
000000020  
000000073  
00000004c  
000000024  
00000006f  
00000004a  
000000024  
00000005e  
00000003b  
000000017  
00000005e  
000000037  
000000014  
00000006d  
000000043  
00000001f  
000000076  
000000047  
000000022  
000000079  
000000049  
000000023  
00000007a  
00000004a  
000000022  
000000079  
000000048  
000000020  
000000079  
000000047  
00000001f  
000000070  
000000045  
00000001d  
000000073  
000000048  
000000021  
00000006d  
000000040  
000000019  
000000067  
00000003e  
000000016  
000000058  
000000031  
00000000f  
000000053  
00000002d  
000000011  
000000054  
00000002f  
000000012  
000000062  
000000039  
000000019  
000000062  
00000003b  
000000018  
000000063  
000000041  
00000001d  
000000079  
00000004f  
00000002c  
000000095  
000000064  
00000003d  
000000086  
000000058  
000000032  
000000065  
00000003e  
00000001c  
000000059  
000000038  
000000019  
000000061  
00000003e  
00000001d  
000000084  
000000056  
000000033  
000000065  
000000044  
000000027  
00000005f  
00000003f  
00000002b  
0000000a4  
000000072  
000000050  
0000000b2  
000000086  
000000061  
00000009b  
000000074  
000000058  
0000000d8  
0000000ae  
000000084  
0000000cb  
00000009f  
000000079  
000000086  
00000005e  
00000003e  
00000008e  
000000061  
000000043  
000000095  
000000066  
000000047  
000000087  
00000005a  
00000003a  
000000096  
00000006a  
00000004b  
000000099  
00000006e  
00000004d  
0000000a2  
000000073  
00000004f  
0000000c4  
000000091  
00000006a  
0000000af  
00000007e  
000000057  
00000008c  
000000061  
000000042  
00000009c  
000000072  
000000052  
0000000c5  
000000093  
00000006a  
0000000a3  
000000073  
00000004d  
00000008c  
00000005e  
00000003c  
000000084  
000000057  
000000038  
000000076  
00000004a  
000000029  
000000078  
000000049  
000000028  
00000008a  
000000058  
000000034  
000000099  
000000064  
00000003c  
00000007d  
00000004d  
000000029  
000000076  
00000004d  
000000029  
00000007e  
000000056  
00000002c  
000000081  
00000004f  
000000024  
00000007d  
00000004c  
000000029  
000000059  
000000036  
000000014  
00000005f  
000000036  
00000000d  
000000066  
000000041  
000000019  
000000053  
00000002f  
000000014  
00000004a  
000000027  
00000000c  
000000059  
00000002e  
000000014  
000000055  
00000002e  
000000014  
000000041  
000000025  
00000000c  
00000003f  
000000024  
00000000c  
000000041  
000000021  
00000000b  
00000003a  
00000001d  
000000008  
000000038  
00000001f  
000000007  
000000035  
00000001b  
000000006  
000000030  
000000017  
000000004  
000000032  
000000019  
000000005  
000000034  
00000001b  
000000007  
000000034  
000000019  
000000008  
000000034  
00000001a  
000000009  
000000035  
00000001b  
00000000a  
000000033  
000000019  
000000008  
000000031  
000000019  
000000007  
00000002e  
000000019  
000000007  
00000002f  
000000019  
000000009  
000000031  
00000001a  
000000008  
00000003d  
000000022  
00000000e  
000000048  
00000002a  
000000010  
000000044  
000000026  
000000009  
000000044  
000000026  
000000009  
000000042  
000000024  
00000000b  
00000003f  
000000023  
00000000d  
000000045  
00000002a  
00000000f  
00000004a  
00000002d  
000000011  
000000050  
00000002d  
000000011  
000000052  
00000002f  
000000014  
00000004f  
00000002e  
000000017  
000000046  
000000028  
000000012  
000000043  
000000024  
00000000f  
00000004c  
00000002a  
000000015  
00000004d  
00000002a  
000000011  
00000004a  
000000027  
00000000e  
000000044  
000000023  
00000000a  
00000004a  
00000002b  
000000010  
00000004f  
00000002d  
000000010  
00000005b  
000000033  
000000015  
00000005a  
000000030  
000000012  
000000056  
00000002e  
000000011  
000000053  
00000002a  
000000010  
000000044  
000000025  
000000008  
000000054  
00000002b  
00000000e  
000000059  
000000032  
000000012  
00000007c  
00000004e  
000000025  
000000079  
000000048  
00000001e  
000000053  
00000002a  
00000000d  
000000058  
000000031  
000000010  
00000005c  
000000036  
000000011  
000000041  
000000020  
000000007  
00000004a  
00000002b  
00000000e  
000000070  
000000043  
00000001d  
00000005a  
000000031  
00000000f  
000000047  
000000028  
00000000c  
00000004f  
00000002d  
000000011  
00000004c  
000000028  
00000000b  
000000041  
000000021  
000000008  
000000040  
000000021  
000000009  
000000045  
000000023  
00000000a  
000000047  
000000028  
00000000b  
000000049  
000000025  
00000000a  
000000048  
000000021  
00000000a  
00000004a  
00000002c  
00000000c  
00000004e  
00000002a  
00000000b  
000000050  
00000002f  
000000015  
000000067  
000000040  
00000001a  
00000005e  
000000035  
000000015  
000000065  
00000003b  
00000001e  
0000000a8  
00000007d  
000000064  
000000083  
000000067  
000000054  
00000005e  
00000003d  
00000001e  
0000000a6  
000000070  
00000004a  
00000007a  
00000004d  
000000032  
000000062  
000000042  
000000028  
000000097  
000000066  
000000043  
0000000a0  
00000006c  
000000048  
00000006e  
000000049  
00000002b  
000000082  
000000056  
000000037  
0000000c9  
00000008e  
000000060  
0000000a2  
00000006e  
00000003d  
00000007d  
000000051  
000000027  
000000096  
00000005e  
000000035  
000000092  
000000059  
000000032  
000000085  
00000004f  
000000026  
000000089  
000000055  
00000002c  
00000008c  
00000005a  
000000031  
00000008b  
00000005a  
00000002e  
000000093  
000000064  
000000035  
00000008c  
00000005d  
00000002f  
00000007c  
00000004c  
000000023  
000000083  
000000053  
00000002c  
000000082  
000000050  
000000028  
000000077  
000000046  
00000001e  
00000006a  
000000042  
000000019  
000000074  
000000046  
00000001f  
000000073  
000000045  
00000001c  
00000006f  
000000046  
00000001c  
000000073  
000000046  
000000021  
00000006f  
000000041  
00000001f  
00000006a  
000000043  
00000001e  
000000075  
00000004b  
000000023  
00000006e  
000000044  
00000001a  
000000067  
000000041  
000000018  
000000073  
000000042  
00000001f  
000000076  
000000045  
000000025  
00000006f  
000000044  
000000022  
000000069  
00000003b  
00000001b  
000000076  
000000045  
000000025  
000000075  
000000046  
000000024  
000000067  
00000003d  
000000019  
000000060  
000000038  
000000018  
00000005c  
000000033  
000000014  
00000005c  
000000033  
000000014  
000000066  
00000003c  
00000001b  
00000006b  
00000003f  
00000001d  
000000071  
000000044  
000000023  
000000074  
000000045  
000000020  
000000072  
000000042  
00000001c  
000000071  
00000003f  
000000019  
00000006d  
00000003c  
00000001a  
00000006e  
00000003f  
000000021  
00000006d  
000000042  
00000001c  
000000069  
00000003f  
000000020  
00000006e  
000000046  
000000028  
000000076  
00000004e  
00000002b  
00000007e  
000000050  
000000031  
000000086  
000000056  
00000003a  
000000093  
000000060  
00000003b  
000000090  
00000005d  
000000038  
000000088  
00000005a  
000000036  
000000076  
000000048  
000000027  
000000074  
000000048  
000000026  
000000075  
000000049  
000000028  
00000007b  
00000004e  
00000002d  
000000080  
000000052  
000000030  
000000085  
000000057  
000000035  
00000008b  
00000005b  
000000036  
000000088  
00000005a  
000000038  
000000084  
00000005a  
00000003a  
00000007e  
000000055  
000000035  
000000083  
000000058  
000000037  
000000097  
000000068  
000000046  
0000000a6  
000000077  
000000056  
00000009b  
00000006e  
00000004e  
00000008c  
00000005e  
00000003f  
000000095  
000000064  
000000043  
